PID USER      PR  NI    VIRT    RES    SHR S  %CPU  %MEM     TIME+ COMMAND

1801 emil      20   0   11856   3700   3240 R  12,5   0,0   0:00.03 top
1291 emil      20   0 1752636 241368 124768 S   6,2   2,0   0:08.62 plasmashell
   1 root      20   0  167816  11712   8500 S   0,0   0,1   0:01.18 systemd
   2 root      20   0       0      0      0 S   0,0   0,0   0:00.00 kthreadd
   3 root       0 -20       0      0      0 I   0,0   0,0   0:00.00 rcu_gp

  11 root      20   0       0      0      0 I   6,2   0,0   0:00.31 rcu_sched
1808 emil      20   0   11856   3792   3336 R   6,2   0,0   0:00.01 top
   1 root      20   0  167816  11712   8500 S   0,0   0,1   0:01.18 systemd
   2 root      20   0       0      0      0 S   0,0   0,0   0:00.00 kthreadd
   3 root       0 -20       0      0      0 I   0,0   0,0   0:00.00 rcu_gp

1278 emil      20   0 3219012 128100  92044 S   6,7   1,1   0:11.28 kwin_x11
1822 emil      20   0   11856   3716   3256 R   6,7   0,0   0:00.01 top
   1 root      20   0  167816  11712   8500 S   0,0   0,1   0:01.18 systemd
   2 root      20   0       0      0      0 S   0,0   0,0   0:00.00 kthreadd
   3 root       0 -20       0      0      0 I   0,0   0,0   0:00.00 rcu_gp

 903 root      20   0  886912 123100  90816 S  12,5   1,0   0:11.53 Xorg
1278 emil      20   0 3218068 127428  91372 S  12,5   1,0   0:11.48 kwin_x11
   1 root      20   0  167816  11712   8500 S   0,0   0,1   0:01.18 systemd
   2 root      20   0       0      0      0 S   0,0   0,0   0:00.00 kthreadd
   3 root       0 -20       0      0      0 I   0,0   0,0   0:00.00 rcu_gp

1278 emil      20   0 3218292 127528  91560 S   6,7   1,0   0:11.53 kwin_x11
1836 emil      20   0   11856   3568   3108 R   6,7   0,0   0:00.01 top
   1 root      20   0  167816  11712   8500 S   0,0   0,1   0:01.18 systemd
   2 root      20   0       0      0      0 S   0,0   0,0   0:00.00 kthreadd
   3 root       0 -20       0      0      0 I   0,0   0,0   0:00.00 rcu_gp

 903 root      20   0  886588 122972  90688 S   6,7   1,0   0:11.59 Xorg
1844 emil      20   0   11856   3680   3224 R   6,7   0,0   0:00.01 top
   1 root      20   0  167816  11712   8500 S   0,0   0,1   0:01.18 systemd
   2 root      20   0       0      0      0 S   0,0   0,0   0:00.00 kthreadd
   3 root       0 -20       0      0      0 I   0,0   0,0   0:00.00 rcu_gp

 903 root      20   0  886764 122972  90688 S   6,7   1,0   0:11.65 Xorg
1858 emil      20   0   11856   3708   3248 R   6,7   0,0   0:00.01 top
   1 root      20   0  167816  11712   8500 S   0,0   0,1   0:01.18 systemd
   2 root      20   0       0      0      0 S   0,0   0,0   0:00.00 kthreadd
   3 root       0 -20       0      0      0 I   0,0   0,0   0:00.00 rcu_gp

1865 emil      20   0  125656 119568   3172 R  93,8   1,0   0:01.73 mem.bash
 903 root      20   0  895804 131272  98988 S  12,5   1,1   0:11.74 Xorg
1715 emil      20   0  708192  92492  72752 S   6,2   0,8   0:01.09 konsole
   1 root      20   0  167816  11712   8500 S   0,0   0,1   0:01.18 systemd
   2 root      20   0       0      0      0 S   0,0   0,0   0:00.00 kthreadd

1865 emil      20   0  279436 273216   3172 R 100,0   2,2   0:04.07 mem.bash
1528 emil      20   0  793364 109920  85560 S   6,7   0,9   0:04.07 dolphin
1715 emil      20   0  708192  92492  72752 S   6,7   0,8   0:01.20 konsole
1842 emil      20   0   11876   3792   3252 S   6,7   0,0   0:00.05 top
   1 root      20   0  167816  11712   8500 S   0,0   0,1   0:01.18 systemd

1865 emil      20   0  416320 410232   3172 R  93,8   3,4   0:06.38 mem.bash
1880 emil      20   0 1318948 114012  83152 D  31,2   0,9   0:00.53 kate
 701 message+  20   0    9012   6112   3956 S  18,8   0,1   0:00.88 dbus-daemon
 736 root      20   0  392648  12592  10088 S  12,5   0,1   0:00.31 udisksd
 252 root       0 -20       0      0      0 I   6,2   0,0   0:00.06 kworker/2:1H-events_highpri

1865 emil      20   0  771928 765576   3172 R 100,0   6,3   0:11.71 mem.bash
1278 emil      20   0 3217972 127996  91548 S   6,7   1,1   0:12.20 kwin_x11
1921 emil      20   0   11856   3536   3072 R   6,7   0,0   0:00.01 top
   1 root      20   0  167816  11712   8500 S   0,0   0,1   0:01.18 systemd
   2 root      20   0       0      0      0 S   0,0   0,0   0:00.00 kthreadd

1865 emil      20   0  921748 915528   3172 R 100,0   7,5   0:14.03 mem.bash
1278 emil      20   0 3218400 128840  92392 S  13,3   1,1   0:12.36 kwin_x11
 903 root      20   0  893660 129352  97068 S   6,7   1,1   0:12.45 Xorg
1528 emil      20   0  793644 110092  85568 S   6,7   0,9   0:04.36 dolphin
   1 root      20   0  167816  11712   8500 S   0,0   0,1   0:01.18 systemd

1865 emil      20   0 1068004   1,0g   3172 R 100,0   8,7   0:16.35 mem.bash
 903 root      20   0  894516 125200  92916 S  20,0   1,0   0:12.67 Xorg
1715 emil      20   0  708192  92492  72752 S  20,0   0,8   0:01.25 konsole
1278 emil      20   0 3218572 129368  92872 S  13,3   1,1   0:12.53 kwin_x11
1528 emil      20   0  793644 110092  85568 S  13,3   0,9   0:04.47 dolphin

1865 emil      20   0 1213468   1,2g   3172 R 100,0   9,9   0:18.67 mem.bash
 903 root      20   0  866888 107704  75420 S  20,0   0,9   0:12.87 Xorg
1278 emil      20   0 3219396 129384  93148 S  13,3   1,1   0:12.73 kwin_x11
1715 emil      20   0  708192  92492  72752 S  13,3   0,8   0:01.28 konsole
1291 emil      20   0 1754296 243064 126228 S   6,7   2,0   0:09.35 plasmashell

1865 emil      20   0 1368964   1,3g   3172 R  93,8  11,2   0:20.99 mem.bash
1278 emil      20   0 3217924 128264  92028 S  18,8   1,1   0:12.82 kwin_x11
 903 root      20   0  866888 107832  75548 S  12,5   0,9   0:12.96 Xorg
1291 emil      20   0 1753252 241992 125156 S  12,5   2,0   0:09.41 plasmashell
1715 emil      20   0  708192  92492  72752 S   6,2   0,8   0:01.34 konsole

1865 emil      20   0 1523008   1,4g   3172 R  87,5  12,5   0:23.31 mem.bash
 903 root      20   0  866728 107728  75444 S   6,2   0,9   0:13.04 Xorg
1278 emil      20   0 3217940 128404  92168 S   6,2   1,1   0:12.90 kwin_x11
1715 emil      20   0  708192  92492  72752 S   6,2   0,8   0:01.41 konsole
   1 root      20   0  167816  11712   8500 S   0,0   0,1   0:01.18 systemd

1865 emil      20   0 1681936   1,6g   3172 R 100,0  13,8   0:25.64 mem.bash
   1 root      20   0  167816  11712   8500 S   0,0   0,1   0:01.18 systemd
   2 root      20   0       0      0      0 S   0,0   0,0   0:00.00 kthreadd
   3 root       0 -20       0      0      0 I   0,0   0,0   0:00.00 rcu_gp
   4 root       0 -20       0      0      0 I   0,0   0,0   0:00.00 rcu_par_gp

1865 emil      20   0 1843108   1,8g   3172 R 100,0  15,1   0:27.96 mem.bash
   1 root      20   0  167816  11712   8500 S   0,0   0,1   0:01.18 systemd
   2 root      20   0       0      0      0 S   0,0   0,0   0:00.00 kthreadd
   3 root       0 -20       0      0      0 I   0,0   0,0   0:00.00 rcu_gp
   4 root       0 -20       0      0      0 I   0,0   0,0   0:00.00 rcu_par_gp

1865 emil      20   0 2003488   1,9g   3172 R 100,0  16,4   0:30.28 mem.bash
   1 root      20   0  167816  11712   8500 S   0,0   0,1   0:01.18 systemd
   2 root      20   0       0      0      0 S   0,0   0,0   0:00.00 kthreadd
   3 root       0 -20       0      0      0 I   0,0   0,0   0:00.00 rcu_gp
   4 root       0 -20       0      0      0 I   0,0   0,0   0:00.00 rcu_par_gp

1865 emil      20   0 2151064   2,0g   3172 R 100,0  17,6   0:32.61 mem.bash
1528 emil      20   0  793644 110092  85568 S   6,7   0,9   0:04.54 dolphin
2474 emil      20   0   11856   3796   3336 R   6,7   0,0   0:00.01 top
   1 root      20   0  167816  11712   8500 S   0,0   0,1   0:01.18 systemd
   2 root      20   0       0      0      0 S   0,0   0,0   0:00.00 kthreadd

1865 emil      20   0 2297716   2,2g   3172 R  93,8  18,8   0:34.93 mem.bash
2828 root      20   0    3384   1380   1088 R  50,0   0,0   0:00.08 gzip
2827 root      20   0    3884    940    808 R  12,5   0,0   0:00.02 tar
   1 root      20   0  167816  11712   8500 S   0,0   0,1   0:01.18 systemd
   2 root      20   0       0      0      0 S   0,0   0,0   0:00.00 kthreadd

1865 emil      20   0 2452948   2,3g   3172 R 100,0  20,1   0:37.26 mem.bash
1329 root      20   0  459008  57064  15320 S 100,0   0,5   0:01.35 packagekitd
   1 root      20   0  167816  11712   8500 S   0,0   0,1   0:01.18 systemd
   2 root      20   0       0      0      0 S   0,0   0,0   0:00.00 kthreadd
   3 root       0 -20       0      0      0 I   0,0   0,0   0:00.00 rcu_gp

1865 emil      20   0 2607784   2,5g   3172 R 100,0  21,4   0:39.57 mem.bash
   1 root      20   0  167816  11712   8500 S   0,0   0,1   0:01.18 systemd
   2 root      20   0       0      0      0 S   0,0   0,0   0:00.00 kthreadd
   3 root       0 -20       0      0      0 I   0,0   0,0   0:00.00 rcu_gp
   4 root       0 -20       0      0      0 I   0,0   0,0   0:00.00 rcu_par_gp

1865 emil      20   0 2768428   2,6g   3172 R 100,0  22,7   0:41.90 mem.bash
   1 root      20   0  167816  11712   8500 S   0,0   0,1   0:01.18 systemd
   2 root      20   0       0      0      0 S   0,0   0,0   0:00.00 kthreadd
   3 root       0 -20       0      0      0 I   0,0   0,0   0:00.00 rcu_gp
   4 root       0 -20       0      0      0 I   0,0   0,0   0:00.00 rcu_par_gp

1865 emil      20   0 2929204   2,8g   3172 R 100,0  24,0   0:44.23 mem.bash
1329 root      20   0  432384  32496  15320 S   6,7   0,3   0:02.54 packagekitd
   1 root      20   0  167816  11712   8500 S   0,0   0,1   0:01.18 systemd
   2 root      20   0       0      0      0 S   0,0   0,0   0:00.00 kthreadd
   3 root       0 -20       0      0      0 I   0,0   0,0   0:00.00 rcu_gp

1865 emil      20   0 3090376   2,9g   3172 R 100,0  25,4   0:46.54 mem.bash
   1 root      20   0  167816  11712   8500 S   0,0   0,1   0:01.18 systemd
   2 root      20   0       0      0      0 S   0,0   0,0   0:00.00 kthreadd
   3 root       0 -20       0      0      0 I   0,0   0,0   0:00.00 rcu_gp
   4 root       0 -20       0      0      0 I   0,0   0,0   0:00.00 rcu_par_gp

1865 emil      20   0 3251284   3,1g   3172 R 100,0  26,7   0:48.86 mem.bash
   1 root      20   0  167816  11712   8500 S   0,0   0,1   0:01.18 systemd
   2 root      20   0       0      0      0 S   0,0   0,0   0:00.00 kthreadd
   3 root       0 -20       0      0      0 I   0,0   0,0   0:00.00 rcu_gp
   4 root       0 -20       0      0      0 I   0,0   0,0   0:00.00 rcu_par_gp

1865 emil      20   0 3412060   3,2g   3172 R 100,0  28,0   0:51.18 mem.bash
   1 root      20   0  167816  11712   8500 S   0,0   0,1   0:01.18 systemd
   2 root      20   0       0      0      0 S   0,0   0,0   0:00.00 kthreadd
   3 root       0 -20       0      0      0 I   0,0   0,0   0:00.00 rcu_gp
   4 root       0 -20       0      0      0 I   0,0   0,0   0:00.00 rcu_par_gp

1865 emil      20   0 3572440   3,4g   3172 R  93,8  29,3   0:53.50 mem.bash
   1 root      20   0  167816  11712   8500 S   0,0   0,1   0:01.18 systemd
   2 root      20   0       0      0      0 S   0,0   0,0   0:00.00 kthreadd
   3 root       0 -20       0      0      0 I   0,0   0,0   0:00.00 rcu_gp
   4 root       0 -20       0      0      0 I   0,0   0,0   0:00.00 rcu_par_gp

1865 emil      20   0 3732688   3,6g   3172 R  93,8  30,6   0:55.82 mem.bash
   1 root      20   0  167816  11712   8500 S   0,0   0,1   0:01.18 systemd
   2 root      20   0       0      0      0 S   0,0   0,0   0:00.00 kthreadd
   3 root       0 -20       0      0      0 I   0,0   0,0   0:00.00 rcu_gp
   4 root       0 -20       0      0      0 I   0,0   0,0   0:00.00 rcu_par_gp

1865 emil      20   0 3893332   3,7g   3172 R  93,8  32,0   0:58.14 mem.bash
1715 emil      20   0  708192  92492  72752 S   6,2   0,8   0:01.50 konsole
   1 root      20   0  167816  11712   8500 S   0,0   0,1   0:01.18 systemd
   2 root      20   0       0      0      0 S   0,0   0,0   0:00.00 kthreadd
   3 root       0 -20       0      0      0 I   0,0   0,0   0:00.00 rcu_gp

1865 emil      20   0 4053844   3,9g   3172 R  93,8  33,3   1:00.46 mem.bash
   1 root      20   0  167816  11712   8500 S   0,0   0,1   0:01.18 systemd
   2 root      20   0       0      0      0 S   0,0   0,0   0:00.00 kthreadd
   3 root       0 -20       0      0      0 I   0,0   0,0   0:00.00 rcu_gp
   4 root       0 -20       0      0      0 I   0,0   0,0   0:00.00 rcu_par_gp

1865 emil      20   0 4214092   4,0g   3172 R 100,0  34,6   1:02.79 mem.bash
   1 root      20   0  167816  11712   8500 S   0,0   0,1   0:01.18 systemd
   2 root      20   0       0      0      0 S   0,0   0,0   0:00.00 kthreadd
   3 root       0 -20       0      0      0 I   0,0   0,0   0:00.00 rcu_gp
   4 root       0 -20       0      0      0 I   0,0   0,0   0:00.00 rcu_par_gp

1865 emil      20   0 4374604   4,2g   3172 R  93,8  35,9   1:05.11 mem.bash
   1 root      20   0  167816  11712   8500 S   0,0   0,1   0:01.18 systemd
   2 root      20   0       0      0      0 S   0,0   0,0   0:00.00 kthreadd
   3 root       0 -20       0      0      0 I   0,0   0,0   0:00.00 rcu_gp
   4 root       0 -20       0      0      0 I   0,0   0,0   0:00.00 rcu_par_gp

1865 emil      20   0 4533532   4,3g   3172 R 100,0  37,2   1:07.43 mem.bash
   8 root      20   0       0      0      0 D   6,7   0,0   0:00.24 kworker/u8:0+flush-8:0
   1 root      20   0  167816  11712   8500 S   0,0   0,1   0:01.18 systemd
   2 root      20   0       0      0      0 S   0,0   0,0   0:00.00 kthreadd
   3 root       0 -20       0      0      0 I   0,0   0,0   0:00.00 rcu_gp

1865 emil      20   0 4693912   4,5g   3172 R 100,0  38,5   1:09.76 mem.bash
   1 root      20   0  167816  11712   8500 S   0,0   0,1   0:01.18 systemd
   2 root      20   0       0      0      0 S   0,0   0,0   0:00.00 kthreadd
   3 root       0 -20       0      0      0 I   0,0   0,0   0:00.00 rcu_gp
   4 root       0 -20       0      0      0 I   0,0   0,0   0:00.00 rcu_par_gp

1865 emil      20   0 4854424   4,6g   3172 R 100,0  39,9   1:12.07 mem.bash
   1 root      20   0  167816  11712   8500 S   0,0   0,1   0:01.18 systemd
   2 root      20   0       0      0      0 S   0,0   0,0   0:00.00 kthreadd
   3 root       0 -20       0      0      0 I   0,0   0,0   0:00.00 rcu_gp
   4 root       0 -20       0      0      0 I   0,0   0,0   0:00.00 rcu_par_gp

1865 emil      20   0 5014672   4,8g   3172 R 100,0  41,2   1:14.40 mem.bash
   1 root      20   0  167816  11712   8500 S   0,0   0,1   0:01.18 systemd
   2 root      20   0       0      0      0 S   0,0   0,0   0:00.00 kthreadd
   3 root       0 -20       0      0      0 I   0,0   0,0   0:00.00 rcu_gp
   4 root       0 -20       0      0      0 I   0,0   0,0   0:00.00 rcu_par_gp

1865 emil      20   0 5175580   4,9g   3172 R 100,0  42,5   1:16.72 mem.bash
   1 root      20   0  167816  11712   8500 S   0,0   0,1   0:01.18 systemd
   2 root      20   0       0      0      0 S   0,0   0,0   0:00.00 kthreadd
   3 root       0 -20       0      0      0 I   0,0   0,0   0:00.00 rcu_gp
   4 root       0 -20       0      0      0 I   0,0   0,0   0:00.00 rcu_par_gp

1865 emil      20   0 5336092   5,1g   3172 R 100,0  43,8   1:19.03 mem.bash
   1 root      20   0  167816  11712   8500 S   0,0   0,1   0:01.18 systemd
   2 root      20   0       0      0      0 S   0,0   0,0   0:00.00 kthreadd
   3 root       0 -20       0      0      0 I   0,0   0,0   0:00.00 rcu_gp
   4 root       0 -20       0      0      0 I   0,0   0,0   0:00.00 rcu_par_gp

1865 emil      20   0 5496736   5,2g   3172 R 100,0  45,1   1:21.35 mem.bash
   1 root      20   0  167816  11712   8500 S   0,0   0,1   0:01.18 systemd
   2 root      20   0       0      0      0 S   0,0   0,0   0:00.00 kthreadd
   3 root       0 -20       0      0      0 I   0,0   0,0   0:00.00 rcu_gp
   4 root       0 -20       0      0      0 I   0,0   0,0   0:00.00 rcu_par_gp

1865 emil      20   0 5656852   5,4g   3172 R  93,8  46,5   1:23.68 mem.bash
   1 root      20   0  167816  11712   8500 S   0,0   0,1   0:01.18 systemd
   2 root      20   0       0      0      0 S   0,0   0,0   0:00.00 kthreadd
   3 root       0 -20       0      0      0 I   0,0   0,0   0:00.00 rcu_gp
   4 root       0 -20       0      0      0 I   0,0   0,0   0:00.00 rcu_par_gp

1865 emil      20   0 5818024   5,5g   3172 R  93,8  47,8   1:26.00 mem.bash
   1 root      20   0  167816  11712   8500 S   0,0   0,1   0:01.18 systemd
   2 root      20   0       0      0      0 S   0,0   0,0   0:00.00 kthreadd
   3 root       0 -20       0      0      0 I   0,0   0,0   0:00.00 rcu_gp
   4 root       0 -20       0      0      0 I   0,0   0,0   0:00.00 rcu_par_gp

1865 emil      20   0 5978932   5,7g   3172 R  93,8  49,1   1:28.32 mem.bash
   1 root      20   0  167816  11712   8500 S   0,0   0,1   0:01.18 systemd
   2 root      20   0       0      0      0 S   0,0   0,0   0:00.00 kthreadd
   3 root       0 -20       0      0      0 I   0,0   0,0   0:00.00 rcu_gp
   4 root       0 -20       0      0      0 I   0,0   0,0   0:00.00 rcu_par_gp

1865 emil      20   0 6139576   5,8g   3172 R 100,0  50,4   1:30.64 mem.bash
   1 root      20   0  167816  11712   8500 S   0,0   0,1   0:01.18 systemd
   2 root      20   0       0      0      0 S   0,0   0,0   0:00.00 kthreadd
   3 root       0 -20       0      0      0 I   0,0   0,0   0:00.00 rcu_gp
   4 root       0 -20       0      0      0 I   0,0   0,0   0:00.00 rcu_par_gp

1865 emil      20   0 6300352   6,0g   3172 R  93,3  51,7   1:32.96 mem.bash
1291 emil      20   0 1752992 241792 124956 S   6,7   2,0   0:09.57 plasmashell
   1 root      20   0  167816  11712   8500 S   0,0   0,1   0:01.18 systemd
   2 root      20   0       0      0      0 S   0,0   0,0   0:00.00 kthreadd
   3 root       0 -20       0      0      0 I   0,0   0,0   0:00.00 rcu_gp

1865 emil      20   0 6460864   6,2g   3172 R 100,0  53,1   1:35.29 mem.bash
1528 emil      20   0  793644 110092  85568 S   6,7   0,9   0:04.77 dolphin
   1 root      20   0  167816  11712   8500 S   0,0   0,1   0:01.18 systemd
   2 root      20   0       0      0      0 S   0,0   0,0   0:00.00 kthreadd
   3 root       0 -20       0      0      0 I   0,0   0,0   0:00.00 rcu_gp

1865 emil      20   0 6621244   6,3g   3172 R 100,0  54,4   1:37.60 mem.bash
   1 root      20   0  167816  11712   8500 S   0,0   0,1   0:01.18 systemd
   2 root      20   0       0      0      0 S   0,0   0,0   0:00.00 kthreadd
   3 root       0 -20       0      0      0 I   0,0   0,0   0:00.00 rcu_gp
   4 root       0 -20       0      0      0 I   0,0   0,0   0:00.00 rcu_par_gp

1865 emil      20   0 6781492   6,5g   3172 R 100,0  55,7   1:39.92 mem.bash
1291 emil      20   0 1752992 241792 124956 S   6,7   2,0   0:09.58 plasmashell
   1 root      20   0  167816  11712   8500 S   0,0   0,1   0:01.18 systemd
   2 root      20   0       0      0      0 S   0,0   0,0   0:00.00 kthreadd
   3 root       0 -20       0      0      0 I   0,0   0,0   0:00.00 rcu_gp

1865 emil      20   0 6941608   6,6g   3172 R 100,0  57,0   1:42.25 mem.bash
   1 root      20   0  167816  11712   8500 S   0,0   0,1   0:01.18 systemd
   2 root      20   0       0      0      0 S   0,0   0,0   0:00.00 kthreadd
   3 root       0 -20       0      0      0 I   0,0   0,0   0:00.00 rcu_gp
   4 root       0 -20       0      0      0 I   0,0   0,0   0:00.00 rcu_par_gp

1865 emil      20   0 7101988   6,8g   3172 R 100,0  58,3   1:44.57 mem.bash
   1 root      20   0  167816  11712   8500 S   0,0   0,1   0:01.18 systemd
   2 root      20   0       0      0      0 S   0,0   0,0   0:00.00 kthreadd
   3 root       0 -20       0      0      0 I   0,0   0,0   0:00.00 rcu_gp
   4 root       0 -20       0      0      0 I   0,0   0,0   0:00.00 rcu_par_gp

1865 emil      20   0 7262236   6,9g   3172 R 100,0  59,7   1:46.89 mem.bash
   1 root      20   0  167816  11712   8500 S   0,0   0,1   0:01.18 systemd
   2 root      20   0       0      0      0 S   0,0   0,0   0:00.00 kthreadd
   3 root       0 -20       0      0      0 I   0,0   0,0   0:00.00 rcu_gp
   4 root       0 -20       0      0      0 I   0,0   0,0   0:00.00 rcu_par_gp

1865 emil      20   0 7422220   7,1g   3172 R 100,0  61,0   1:49.21 mem.bash
1715 emil      20   0  708192  92492  72752 S   6,7   0,8   0:01.57 konsole
   1 root      20   0  167816  11712   8500 S   0,0   0,1   0:01.18 systemd
   2 root      20   0       0      0      0 S   0,0   0,0   0:00.00 kthreadd
   3 root       0 -20       0      0      0 I   0,0   0,0   0:00.00 rcu_gp

1865 emil      20   0 7582732   7,2g   3172 R  93,3  62,3   1:51.52 mem.bash
   1 root      20   0  167816  11712   8500 S   0,0   0,1   0:01.18 systemd
   2 root      20   0       0      0      0 S   0,0   0,0   0:00.00 kthreadd
   3 root       0 -20       0      0      0 I   0,0   0,0   0:00.00 rcu_gp
   4 root       0 -20       0      0      0 I   0,0   0,0   0:00.00 rcu_par_gp

1865 emil      20   0 7743508   7,4g   3172 R 100,0  63,6   1:53.85 mem.bash
   1 root      20   0  167816  11712   8500 S   0,0   0,1   0:01.18 systemd
   2 root      20   0       0      0      0 S   0,0   0,0   0:00.00 kthreadd
   3 root       0 -20       0      0      0 I   0,0   0,0   0:00.00 rcu_gp
   4 root       0 -20       0      0      0 I   0,0   0,0   0:00.00 rcu_par_gp

1865 emil      20   0 7903492   7,5g   3172 R 100,0  64,9   1:56.17 mem.bash
   1 root      20   0  167816  11712   8500 S   0,0   0,1   0:01.18 systemd
   2 root      20   0       0      0      0 S   0,0   0,0   0:00.00 kthreadd
   3 root       0 -20       0      0      0 I   0,0   0,0   0:00.00 rcu_gp
   4 root       0 -20       0      0      0 I   0,0   0,0   0:00.00 rcu_par_gp

1865 emil      20   0 8062684   7,7g   3172 R 100,0  66,2   1:58.49 mem.bash
   1 root      20   0  167816  11712   8500 S   0,0   0,1   0:01.18 systemd
   2 root      20   0       0      0      0 S   0,0   0,0   0:00.00 kthreadd
   3 root       0 -20       0      0      0 I   0,0   0,0   0:00.00 rcu_gp
   4 root       0 -20       0      0      0 I   0,0   0,0   0:00.00 rcu_par_gp

1865 emil      20   0 8222536   7,8g   3172 R 100,0  67,6   2:00.81 mem.bash
   1 root      20   0  167816  11712   8500 S   0,0   0,1   0:01.18 systemd
   2 root      20   0       0      0      0 S   0,0   0,0   0:00.00 kthreadd
   3 root       0 -20       0      0      0 I   0,0   0,0   0:00.00 rcu_gp
   4 root       0 -20       0      0      0 I   0,0   0,0   0:00.00 rcu_par_gp

1865 emil      20   0 8382388   8,0g   3172 R 100,0  68,9   2:03.13 mem.bash
   1 root      20   0  167816  11712   8500 S   0,0   0,1   0:01.18 systemd
   2 root      20   0       0      0      0 S   0,0   0,0   0:00.00 kthreadd
   3 root       0 -20       0      0      0 I   0,0   0,0   0:00.00 rcu_gp
   4 root       0 -20       0      0      0 I   0,0   0,0   0:00.00 rcu_par_gp

1865 emil      20   0 8542108   8,1g   3172 R  93,8  70,2   2:05.45 mem.bash
   1 root      20   0  167816  11712   8500 S   0,0   0,1   0:01.18 systemd
   2 root      20   0       0      0      0 S   0,0   0,0   0:00.00 kthreadd
   3 root       0 -20       0      0      0 I   0,0   0,0   0:00.00 rcu_gp
   4 root       0 -20       0      0      0 I   0,0   0,0   0:00.00 rcu_par_gp

1865 emil      20   0 8701564   8,3g   3172 R 100,0  71,5   2:07.78 mem.bash
   1 root      20   0  167816  11712   8500 S   0,0   0,1   0:01.18 systemd
   2 root      20   0       0      0      0 S   0,0   0,0   0:00.00 kthreadd
   3 root       0 -20       0      0      0 I   0,0   0,0   0:00.00 rcu_gp
   4 root       0 -20       0      0      0 I   0,0   0,0   0:00.00 rcu_par_gp

1865 emil      20   0 8861416   8,4g   3172 R 100,0  72,8   2:10.10 mem.bash
   1 root      20   0  167816  11712   8500 S   0,0   0,1   0:01.18 systemd
   2 root      20   0       0      0      0 S   0,0   0,0   0:00.00 kthreadd
   3 root       0 -20       0      0      0 I   0,0   0,0   0:00.00 rcu_gp
   4 root       0 -20       0      0      0 I   0,0   0,0   0:00.00 rcu_par_gp

1865 emil      20   0 9021268   8,6g   3172 R 100,0  74,1   2:12.42 mem.bash
   1 root      20   0  167816  11712   8500 S   0,0   0,1   0:01.18 systemd
   2 root      20   0       0      0      0 S   0,0   0,0   0:00.00 kthreadd
   3 root       0 -20       0      0      0 I   0,0   0,0   0:00.00 rcu_gp
   4 root       0 -20       0      0      0 I   0,0   0,0   0:00.00 rcu_par_gp

1865 emil      20   0 9181120   8,7g   3172 R 100,0  75,4   2:14.73 mem.bash
   1 root      20   0  167816  11712   8500 S   0,0   0,1   0:01.18 systemd
   2 root      20   0       0      0      0 S   0,0   0,0   0:00.00 kthreadd
   3 root       0 -20       0      0      0 I   0,0   0,0   0:00.00 rcu_gp
   4 root       0 -20       0      0      0 I   0,0   0,0   0:00.00 rcu_par_gp

1865 emil      20   0 9340972   8,9g   3172 R 100,0  76,8   2:17.06 mem.bash
   1 root      20   0  167816  11712   8500 S   0,0   0,1   0:01.18 systemd
   2 root      20   0       0      0      0 S   0,0   0,0   0:00.00 kthreadd
   3 root       0 -20       0      0      0 I   0,0   0,0   0:00.00 rcu_gp
   4 root       0 -20       0      0      0 I   0,0   0,0   0:00.00 rcu_par_gp

1865 emil      20   0 9500428   9,1g   3172 R 100,0  78,1   2:19.38 mem.bash
1715 emil      20   0  708192  92492  72752 S   6,7   0,8   0:01.61 konsole
   1 root      20   0  167816  11712   8500 S   0,0   0,1   0:01.18 systemd
   2 root      20   0       0      0      0 S   0,0   0,0   0:00.00 kthreadd
   3 root       0 -20       0      0      0 I   0,0   0,0   0:00.00 rcu_gp

1865 emil      20   0 9660148   9,2g   3172 R 100,0  79,4   2:21.71 mem.bash
   1 root      20   0  167816  11712   8500 S   0,0   0,1   0:01.18 systemd
   2 root      20   0       0      0      0 S   0,0   0,0   0:00.00 kthreadd
   3 root       0 -20       0      0      0 I   0,0   0,0   0:00.00 rcu_gp
   4 root       0 -20       0      0      0 I   0,0   0,0   0:00.00 rcu_par_gp

1865 emil      20   0 9817360   9,4g   2816 R  78,9  80,7   2:24.07 mem.bash
 102 root      20   0       0      0      0 S  10,5   0,0   0:00.03 kswapd0
 903 root      20   0  866628 107500  75216 S   5,3   0,9   0:13.43 Xorg
1278 emil      20   0 3217396 128176  91940 R   5,3   1,1   0:13.32 kwin_x11
1528 emil      20   0  793644 109932  85408 S   5,3   0,9   0:04.94 dolphin

1865 emil      20   0 9978004   9,5g   2784 R 100,0  82,0   2:26.45 mem.bash
   1 root      20   0  167816  11712   8500 S   0,0   0,1   0:01.18 systemd
   2 root      20   0       0      0      0 S   0,0   0,0   0:00.00 kthreadd
   3 root       0 -20       0      0      0 I   0,0   0,0   0:00.00 rcu_gp
   4 root       0 -20       0      0      0 I   0,0   0,0   0:00.00 rcu_par_gp

1865 emil      20   0 9897,9m   9,7g   2784 R 100,0  83,3   2:28.78 mem.bash
 102 root      20   0       0      0      0 S   6,7   0,0   0:00.19 kswapd0
   1 root      20   0  167816  11712   8500 S   0,0   0,1   0:01.18 systemd
   2 root      20   0       0      0      0 S   0,0   0,0   0:00.00 kthreadd
   3 root       0 -20       0      0      0 I   0,0   0,0   0:00.00 rcu_gp

1865 emil      20   0    9,8g   9,8g   2784 R  93,8  84,6   2:31.17 mem.bash
1278 emil      20   0 3217396 127908  91672 S   6,2   1,1   0:13.39 kwin_x11
   1 root      20   0  167816  11712   8500 S   0,0   0,1   0:01.18 systemd
   2 root      20   0       0      0      0 S   0,0   0,0   0:00.00 kthreadd
   3 root       0 -20       0      0      0 I   0,0   0,0   0:00.00 rcu_gp

1865 emil      20   0   10,0g  10,0g   2784 R 100,0  85,9   2:33.51 mem.bash
 102 root      20   0       0      0      0 S   6,7   0,0   0:00.36 kswapd0
   1 root      20   0  167816  11712   8500 S   0,0   0,1   0:01.18 systemd
   2 root      20   0       0      0      0 S   0,0   0,0   0:00.00 kthreadd
   3 root       0 -20       0      0      0 I   0,0   0,0   0:00.00 rcu_gp

1865 emil      20   0   10,1g  10,1g   2784 R  93,8  87,2   2:35.83 mem.bash
 102 root      20   0       0      0      0 S   6,2   0,0   0:00.49 kswapd0
1278 emil      20   0 3217396 108540  72304 S   6,2   0,9   0:13.41 kwin_x11
   1 root      20   0  167816  10308   7096 S   0,0   0,1   0:01.18 systemd
   2 root      20   0       0      0      0 S   0,0   0,0   0:00.00 kthreadd

1865 emil      20   0   10,3g  10,3g   2760 R  93,8  88,5   2:38.15 mem.bash
 102 root      20   0       0      0      0 S   6,2   0,0   0:00.61 kswapd0
1278 emil      20   0 3217444  91568  55332 S   6,2   0,8   0:13.42 kwin_x11
   1 root      20   0  167816   9504   6292 S   0,0   0,1   0:01.18 systemd
   2 root      20   0       0      0      0 S   0,0   0,0   0:00.00 kthreadd

1865 emil      20   0   10,4g  10,4g   2760 R 100,0  89,8   2:40.55 mem.bash
 102 root      20   0       0      0      0 S  13,3   0,0   0:00.75 kswapd0
   1 root      20   0  167816   7012   3804 S   0,0   0,1   0:01.18 systemd
   2 root      20   0       0      0      0 S   0,0   0,0   0:00.00 kthreadd
   3 root       0 -20       0      0      0 I   0,0   0,0   0:00.00 rcu_gp

1865 emil      20   0   11,0g  11,0g   1312 R  11,0  94,6   2:49.39 mem.bash
 702 root      20   0  409832   3460    556 S   1,0   0,0   0:00.65 NetworkManager
1842 emil      20   0   11876   1148    628 S   1,0   0,0   0:00.27 top
   1 root      20   0  167816   1468   1092 S   0,0   0,0   0:01.18 systemd
   2 root      20   0       0      0      0 S   0,0   0,0   0:00.00 kthreadd

1865 emil      20   0   11,6g  11,0g   1312 R  54,2  95,2   2:58.67 mem.bash
 102 root      20   0       0      0      0 S   4,2   0,0   0:02.06 kswapd0
1528 emil      20   0  793644  14564  10352 S   4,2   0,1   0:05.06 dolphin
   1 root      20   0  167816   1256   1084 S   0,0   0,0   0:01.18 systemd
   2 root      20   0       0      0      0 S   0,0   0,0   0:00.00 kthreadd

1865 emil      20   0   11,7g  11,0g   1312 R 100,0  95,1   3:01.13 mem.bash
 102 root      20   0       0      0      0 S  12,5   0,0   0:02.23 kswapd0
   1 root      20   0  167816   1256   1084 S   0,0   0,0   0:01.18 systemd
   2 root      20   0       0      0      0 S   0,0   0,0   0:00.00 kthreadd
   3 root       0 -20       0      0      0 I   0,0   0,0   0:00.00 rcu_gp

1865 emil      20   0   11,9g  11,1g   1312 R 100,0  95,3   3:03.59 mem.bash
 102 root      20   0       0      0      0 S   6,7   0,0   0:02.37 kswapd0
   1 root      20   0  167816   1256   1084 S   0,0   0,0   0:01.18 systemd
   2 root      20   0       0      0      0 S   0,0   0,0   0:00.00 kthreadd
   3 root       0 -20       0      0      0 I   0,0   0,0   0:00.00 rcu_gp

1865 emil      20   0   12,1g  11,1g   1312 R  93,8  95,3   3:06.45 mem.bash
 102 root      20   0       0      0      0 D  12,5   0,0   0:02.58 kswapd0
  20 root       0 -20       0      0      0 I   6,2   0,0   0:00.10 kworker/1:0H-kblockd
   1 root      20   0  167816   1116   1084 S   0,0   0,0   0:01.18 systemd
   2 root      20   0       0      0      0 S   0,0   0,0   0:00.00 kthreadd

1865 emil      20   0   12,3g  11,1g   1312 R 100,0  95,3   3:09.61 mem.bash
 102 root      20   0       0      0      0 D  13,3   0,0   0:02.83 kswapd0
   1 root      20   0  167816   1116   1084 S   0,0   0,0   0:01.18 systemd
   2 root      20   0       0      0      0 S   0,0   0,0   0:00.00 kthreadd
   3 root       0 -20       0      0      0 I   0,0   0,0   0:00.00 rcu_gp

1865 emil      20   0   12,5g  11,1g   1312 R  93,8  95,4   3:13.08 mem.bash
 102 root      20   0       0      0      0 D   6,2   0,0   0:03.05 kswapd0
   1 root      20   0  167816   1116   1084 S   0,0   0,0   0:01.18 systemd
   2 root      20   0       0      0      0 S   0,0   0,0   0:00.00 kthreadd
   3 root       0 -20       0      0      0 I   0,0   0,0   0:00.00 rcu_gp

1865 emil      20   0   12,7g  11,1g   1312 R 100,0  95,3   3:15.94 mem.bash
 102 root      20   0       0      0      0 S  13,3   0,0   0:03.29 kswapd0
1528 emil      20   0  793644  12828   8660 S   6,7   0,1   0:05.12 dolphin
   1 root      20   0  167816   1116   1084 S   0,0   0,0   0:01.18 systemd
   2 root      20   0       0      0      0 S   0,0   0,0   0:00.00 kthreadd

1865 emil      20   0   12,8g  11,1g   1312 R 100,0  95,4   3:18.55 mem.bash
 102 root      20   0       0      0      0 R   6,7   0,0   0:03.47 kswapd0
1528 emil      20   0  793644  12824   8656 S   6,7   0,1   0:05.13 dolphin
   1 root      20   0  167816   1116   1084 S   0,0   0,0   0:01.18 systemd
   2 root      20   0       0      0      0 S   0,0   0,0   0:00.00 kthreadd

1865 emil      20   0   13,0g  11,1g   1312 R 100,0  95,4   3:21.46 mem.bash
   1 root      20   0  167816   1116   1084 S   0,0   0,0   0:01.18 systemd
   2 root      20   0       0      0      0 S   0,0   0,0   0:00.00 kthreadd
   3 root       0 -20       0      0      0 I   0,0   0,0   0:00.00 rcu_gp
   4 root       0 -20       0      0      0 I   0,0   0,0   0:00.00 rcu_par_gp

1865 emil      20   0   13,2g  11,1g   1312 R 100,0  95,4   3:24.01 mem.bash
 102 root      20   0       0      0      0 D  13,3   0,0   0:03.99 kswapd0
   1 root      20   0  167816   1116   1084 S   0,0   0,0   0:01.18 systemd
   2 root      20   0       0      0      0 S   0,0   0,0   0:00.00 kthreadd
   3 root       0 -20       0      0      0 I   0,0   0,0   0:00.00 rcu_gp

1865 emil      20   0   13,3g  11,1g   1312 R 100,0  95,4   3:26.54 mem.bash
 102 root      20   0       0      0      0 R   6,7   0,0   0:04.18 kswapd0
   1 root      20   0  167816   1116   1084 S   0,0   0,0   0:01.18 systemd
   2 root      20   0       0      0      0 S   0,0   0,0   0:00.00 kthreadd
   3 root       0 -20       0      0      0 I   0,0   0,0   0:00.00 rcu_gp

1865 emil      20   0   13,5g  11,1g   1312 R  93,8  95,3   3:29.00 mem.bash
 102 root      20   0       0      0      0 D  25,0   0,0   0:04.47 kswapd0
   1 root      20   0  167816   1116   1084 S   0,0   0,0   0:01.18 systemd
   2 root      20   0       0      0      0 S   0,0   0,0   0:00.00 kthreadd
   3 root       0 -20       0      0      0 I   0,0   0,0   0:00.00 rcu_gp

1865 emil      20   0   13,6g  11,1g   1312 R 100,0  95,5   3:31.43 mem.bash
 903 root      20   0  866544  34840  30196 S   6,7   0,3   0:13.69 Xorg
1715 emil      20   0  708192  10188   7364 S   6,7   0,1   0:01.93 konsole
   1 root      20   0  167816   1116   1084 S   0,0   0,0   0:01.18 systemd
   2 root      20   0       0      0      0 S   0,0   0,0   0:00.00 kthreadd

1865 emil      20   0   13,8g  11,1g   1312 R 100,0  95,4   3:33.73 mem.bash
 102 root      20   0       0      0      0 S  20,0   0,0   0:04.88 kswapd0
1278 emil      20   0 3217380   8032   4612 S   6,7   0,1   0:13.66 kwin_x11
   1 root      20   0  167816   1116   1084 S   0,0   0,0   0:01.18 systemd
   2 root      20   0       0      0      0 S   0,0   0,0   0:00.00 kthreadd

1865 emil      20   0   13,9g  11,1g   1312 R 100,0  95,5   3:36.31 mem.bash
 102 root      20   0       0      0      0 D  13,3   0,0   0:05.12 kswapd0
1278 emil      20   0 3217396   8036   4608 S   6,7   0,1   0:13.67 kwin_x11
   1 root      20   0  167816   1116   1084 S   0,0   0,0   0:01.18 systemd
   2 root      20   0       0      0      0 S   0,0   0,0   0:00.00 kthreadd

1865 emil      20   0   14,1g  11,1g   1312 R  93,8  95,5   3:38.68 mem.bash
 102 root      20   0       0      0      0 D  12,5   0,0   0:05.31 kswapd0
   1 root      20   0  167816   1116   1084 S   0,0   0,0   0:01.18 systemd
   2 root      20   0       0      0      0 S   0,0   0,0   0:00.00 kthreadd
   3 root       0 -20       0      0      0 I   0,0   0,0   0:00.00 rcu_gp

1865 emil      20   0   14,2g  11,1g   1312 R  93,3  95,5   3:41.13 mem.bash
1278 emil      20   0 3217380   8120   4664 S   6,7   0,1   0:13.69 kwin_x11
   1 root      20   0  167816   1116   1084 S   0,0   0,0   0:01.18 systemd
   2 root      20   0       0      0      0 S   0,0   0,0   0:00.00 kthreadd
   3 root       0 -20       0      0      0 I   0,0   0,0   0:00.00 rcu_gp

1865 emil      20   0   14,4g  11,1g   1312 R 100,0  95,6   3:43.46 mem.bash
  11 root      20   0       0      0      0 I   6,7   0,0   0:00.40 rcu_sched
   1 root      20   0  167816   1084   1084 S   0,0   0,0   0:01.18 systemd
   2 root      20   0       0      0      0 S   0,0   0,0   0:00.00 kthreadd
   3 root       0 -20       0      0      0 I   0,0   0,0   0:00.00 rcu_gp

1865 emil      20   0   14,5g  11,1g   1312 R 100,0  95,7   3:45.80 mem.bash
 102 root      20   0       0      0      0 R   6,7   0,0   0:05.93 kswapd0
   1 root      20   0  167816   1084   1084 S   0,0   0,0   0:01.18 systemd
   2 root      20   0       0      0      0 S   0,0   0,0   0:00.00 kthreadd
   3 root       0 -20       0      0      0 I   0,0   0,0   0:00.00 rcu_gp

1865 emil      20   0   14,7g  11,1g   1312 R 100,0  95,5   3:48.43 mem.bash
 102 root      20   0       0      0      0 D  20,0   0,0   0:06.22 kswapd0
   1 root      20   0  167816   1084   1084 S   0,0   0,0   0:01.18 systemd
   2 root      20   0       0      0      0 S   0,0   0,0   0:00.00 kthreadd
   3 root       0 -20       0      0      0 I   0,0   0,0   0:00.00 rcu_gp

1865 emil      20   0   14,9g  11,1g   1312 R 100,0  95,6   3:50.76 mem.bash
 102 root      20   0       0      0      0 D  20,0   0,0   0:06.42 kswapd0
   1 root      20   0  167816   1084   1084 S   0,0   0,0   0:01.18 systemd
   2 root      20   0       0      0      0 S   0,0   0,0   0:00.00 kthreadd
   3 root       0 -20       0      0      0 I   0,0   0,0   0:00.00 rcu_gp

1865 emil      20   0   15,0g  11,1g   1312 R 100,0  95,7   3:53.11 mem.bash
   1 root      20   0  167816   1084   1084 S   0,0   0,0   0:01.18 systemd
   2 root      20   0       0      0      0 S   0,0   0,0   0:00.00 kthreadd
   3 root       0 -20       0      0      0 I   0,0   0,0   0:00.00 rcu_gp
   4 root       0 -20       0      0      0 I   0,0   0,0   0:00.00 rcu_par_gp

1865 emil      20   0   15,2g  11,1g   1312 R 100,0  95,6   3:55.50 mem.bash
 102 root      20   0       0      0      0 D  13,3   0,0   0:06.84 kswapd0
   1 root      20   0  167816   1084   1084 S   0,0   0,0   0:01.18 systemd
   2 root      20   0       0      0      0 S   0,0   0,0   0:00.00 kthreadd
   3 root       0 -20       0      0      0 I   0,0   0,0   0:00.00 rcu_gp

1865 emil      20   0   15,3g  11,1g   1312 R 100,0  95,5   3:57.87 mem.bash
   1 root      20   0  167816   2492   2292 S   0,0   0,0   0:01.18 systemd
   2 root      20   0       0      0      0 S   0,0   0,0   0:00.00 kthreadd
   3 root       0 -20       0      0      0 I   0,0   0,0   0:00.00 rcu_gp
   4 root       0 -20       0      0      0 I   0,0   0,0   0:00.00 rcu_par_gp

1865 emil      20   0   15,5g  11,1g   1312 R  93,8  95,6   4:00.31 mem.bash
   1 root      20   0  167816   2492   2292 S   0,0   0,0   0:01.18 systemd
   2 root      20   0       0      0      0 S   0,0   0,0   0:00.00 kthreadd
   3 root       0 -20       0      0      0 I   0,0   0,0   0:00.00 rcu_gp
   4 root       0 -20       0      0      0 I   0,0   0,0   0:00.00 rcu_par_gp

1865 emil      20   0   15,6g  11,1g   1312 R 100,0  95,6   4:02.86 mem.bash
 732 syslog    20   0  224348   1076   1076 S   6,7   0,0   0:00.10 rsyslogd
   1 root      20   0  167816   2492   2292 S   0,0   0,0   0:01.18 systemd
   2 root      20   0       0      0      0 S   0,0   0,0   0:00.00 kthreadd
   3 root       0 -20       0      0      0 I   0,0   0,0   0:00.00 rcu_gp

1865 emil      20   0   15,8g  11,1g   1312 R 100,0  95,5   4:06.30 mem.bash
 102 root      20   0       0      0      0 D  12,5   0,0   0:07.90 kswapd0
3445 emil      20   0   11856   3400   2940 R   6,2   0,0   0:00.01 top
   1 root      20   0  167816   2492   2292 S   0,0   0,0   0:01.18 systemd
   2 root      20   0       0      0      0 S   0,0   0,0   0:00.00 kthreadd

1865 emil      20   0   16,1g  11,1g   1312 R  47,1  95,4   4:10.03 mem.bash
 102 root      20   0       0      0      0 R   2,9   0,0   0:08.29 kswapd0
   1 root      20   0  167816   2492   2292 S   0,0   0,0   0:01.18 systemd
   2 root      20   0       0      0      0 S   0,0   0,0   0:00.00 kthreadd
   3 root       0 -20       0      0      0 I   0,0   0,0   0:00.00 rcu_gp

1865 emil      20   0   16,2g  11,1g   1312 R  93,8  95,4   4:12.58 mem.bash
 102 root      20   0       0      0      0 S  12,5   0,0   0:08.55 kswapd0
   1 root      20   0  167816   2492   2292 S   0,0   0,0   0:01.18 systemd
   2 root      20   0       0      0      0 S   0,0   0,0   0:00.00 kthreadd
   3 root       0 -20       0      0      0 I   0,0   0,0   0:00.00 rcu_gp

1865 emil      20   0   16,4g  11,1g   1312 R 100,0  95,5   4:14.99 mem.bash
 102 root      20   0       0      0      0 D  20,0   0,0   0:08.80 kswapd0
   1 root      20   0  167816   2492   2292 S   0,0   0,0   0:01.18 systemd
   2 root      20   0       0      0      0 S   0,0   0,0   0:00.00 kthreadd
   3 root       0 -20       0      0      0 I   0,0   0,0   0:00.00 rcu_gp

1865 emil      20   0   16,6g  11,1g   1312 R  55,6  95,5   4:18.59 mem.bash
 102 root      20   0       0      0      0 D  11,1   0,0   0:09.26 kswapd0
   1 root      20   0  167816   2288   2088 S   0,0   0,0   0:01.18 systemd
   2 root      20   0       0      0      0 S   0,0   0,0   0:00.00 kthreadd
   3 root       0 -20       0      0      0 I   0,0   0,0   0:00.00 rcu_gp

1865 emil      20   0   16,8g  11,1g   1312 R 100,0  95,5   4:20.92 mem.bash
 102 root      20   0       0      0      0 S  13,3   0,0   0:09.54 kswapd0
 733 root      20   0 1070656   3932   3308 S   6,7   0,0   0:01.65 snapd
3482 emil      20   0   11856   3460   3000 R   6,7   0,0   0:00.01 top
   1 root      20   0  167816   1936   1736 S   0,0   0,0   0:01.18 systemd

1865 emil      20   0   16,9g  11,1g   1312 R 100,0  95,5   4:23.24 mem.bash
 736 root      20   0  392648   4260   3212 S  31,2   0,0   0:00.38 udisksd
 102 root      20   0       0      0      0 D  12,5   0,0   0:09.85 kswapd0
1291 emil      20   0 1752892  17192   9016 S   6,2   0,1   0:09.97 plasmashell
   1 root      20   0  167816   1928   1728 S   0,0   0,0   0:01.18 systemd

1865 emil      20   0   17,1g  11,1g   1312 R 100,0  95,5   4:26.15 mem.bash
 102 root      20   0       0      0      0 D  13,3   0,0   0:10.17 kswapd0
 903 root      20   0  866544  34772  30012 S   6,7   0,3   0:13.81 Xorg
   1 root      20   0  167816   1828   1632 S   0,0   0,0   0:01.18 systemd
   2 root      20   0       0      0      0 S   0,0   0,0   0:00.00 kthreadd

1865 emil      20   0   17,3g  11,1g   1312 R  76,2  95,4   4:29.05 mem.bash
 102 root      20   0       0      0      0 R   9,5   0,0   0:10.53 kswapd0
   1 root      20   0  167816   1568   1376 S   0,0   0,0   0:01.18 systemd
   2 root      20   0       0      0      0 S   0,0   0,0   0:00.00 kthreadd
   3 root       0 -20       0      0      0 I   0,0   0,0   0:00.00 rcu_gp

1865 emil      20   0   17,4g  11,1g   1312 R 100,0  95,4   4:31.46 mem.bash
   1 root      20   0  167816   1420   1244 S   0,0   0,0   0:01.18 systemd
   2 root      20   0       0      0      0 S   0,0   0,0   0:00.00 kthreadd
   3 root       0 -20       0      0      0 I   0,0   0,0   0:00.00 rcu_gp
   4 root       0 -20       0      0      0 I   0,0   0,0   0:00.00 rcu_par_gp

1865 emil      20   0   17,6g  11,1g   1312 R  93,8  95,7   4:34.64 mem.bash
 102 root      20   0       0      0      0 S  18,8   0,0   0:11.20 kswapd0
   1 root      20   0  167816   1328   1184 S   0,0   0,0   0:01.18 systemd
   2 root      20   0       0      0      0 S   0,0   0,0   0:00.00 kthreadd
   3 root       0 -20       0      0      0 I   0,0   0,0   0:00.00 rcu_gp

1865 emil      20   0   17,8g  11,1g   1312 R 100,0  95,6   4:37.09 mem.bash
 102 root      20   0       0      0      0 S  13,3   0,0   0:11.49 kswapd0
1528 emil      20   0  793644  19344  14504 S   6,7   0,2   0:05.41 dolphin
   1 root      20   0  167816   1280   1156 S   0,0   0,0   0:01.18 systemd
   2 root      20   0       0      0      0 S   0,0   0,0   0:00.00 kthreadd

1865 emil      20   0   17,9g  11,1g   1312 R 100,0  95,7   4:39.62 mem.bash
 102 root      20   0       0      0      0 S  12,5   0,0   0:11.80 kswapd0
   1 root      20   0  167816   1176   1108 S   0,0   0,0   0:01.18 systemd
   2 root      20   0       0      0      0 S   0,0   0,0   0:00.00 kthreadd
   3 root       0 -20       0      0      0 I   0,0   0,0   0:00.00 rcu_gp

1865 emil      20   0   18,1g  11,1g   1312 R 100,0  95,6   4:41.94 mem.bash
 102 root      20   0       0      0      0 S  13,3   0,0   0:12.10 kswapd0
   1 root      20   0  167816   1068   1032 S   0,0   0,0   0:01.18 systemd
   2 root      20   0       0      0      0 S   0,0   0,0   0:00.00 kthreadd
   3 root       0 -20       0      0      0 I   0,0   0,0   0:00.00 rcu_gp

1865 emil      20   0   18,3g  11,1g   1312 R 100,0  95,7   4:44.51 mem.bash
 483 root     -51   0       0      0      0 S   6,7   0,0   0:00.11 irq/130-iwlwifi
   1 root      20   0  167816    968    960 S   0,0   0,0   0:01.18 systemd
   2 root      20   0       0      0      0 S   0,0   0,0   0:00.00 kthreadd
   3 root       0 -20       0      0      0 I   0,0   0,0   0:00.00 rcu_gp

1865 emil      20   0   18,4g  11,1g   1312 R 100,0  95,6   4:47.06 mem.bash
 102 root      20   0       0      0      0 S  26,7   0,0   0:12.72 kswapd0
3552 emil      20   0   11856   3524   3064 R   6,7   0,0   0:00.01 top
   1 root      20   0  167816    940    940 S   0,0   0,0   0:01.18 systemd
   2 root      20   0       0      0      0 S   0,0   0,0   0:00.00 kthreadd

1865 emil      20   0   18,6g  11,1g   1312 R  93,8  95,7   4:49.65 mem.bash
 102 root      20   0       0      0      0 R   6,2   0,0   0:13.02 kswapd0
3559 emil      20   0   11856   3464   3004 R   6,2   0,0   0:00.01 top
   1 root      20   0  167816    896    896 S   0,0   0,0   0:01.18 systemd
   2 root      20   0       0      0      0 S   0,0   0,0   0:00.00 kthreadd

1865 emil      20   0   18,7g  11,1g   1312 R  93,8  95,8   4:52.07 mem.bash
 733 root      20   0 1070656   2436    852 S  12,5   0,0   0:01.80 snapd
   1 root      20   0  167816    856    856 S   0,0   0,0   0:01.18 systemd
   2 root      20   0       0      0      0 S   0,0   0,0   0:00.00 kthreadd
   3 root       0 -20       0      0      0 I   0,0   0,0   0:00.00 rcu_gp

1865 emil      20   0   18,9g  11,1g   1312 R 100,0  95,7   4:54.99 mem.bash
 102 root      20   0       0      0      0 R  20,0   0,0   0:13.71 kswapd0
1291 emil      20   0 1752892  16884   8680 S   6,7   0,1   0:10.05 plasmashell
   1 root      20   0  167816    800    800 S   0,0   0,0   0:01.18 systemd
   2 root      20   0       0      0      0 S   0,0   0,0   0:00.00 kthreadd

1865 emil      20   0   19,1g  11,1g   1312 R  93,8  95,7   4:57.31 mem.bash
 102 root      20   0       0      0      0 S  18,8   0,0   0:14.02 kswapd0
   1 root      20   0  167816    800    800 S   0,0   0,0   0:01.18 systemd
   2 root      20   0       0      0      0 S   0,0   0,0   0:00.00 kthreadd
   3 root       0 -20       0      0      0 I   0,0   0,0   0:00.00 rcu_gp

1865 emil      20   0   19,2g  11,1g   1312 R 100,0  95,7   4:59.98 mem.bash
   1 root      20   0  167816    784    784 S   0,0   0,0   0:01.18 systemd
   2 root      20   0       0      0      0 S   0,0   0,0   0:00.00 kthreadd
   3 root       0 -20       0      0      0 I   0,0   0,0   0:00.00 rcu_gp
   4 root       0 -20       0      0      0 I   0,0   0,0   0:00.00 rcu_par_gp

1865 emil      20   0   19,4g  11,1g   1312 R 100,0  95,7   5:02.37 mem.bash
 102 root      20   0       0      0      0 S   6,7   0,0   0:14.71 kswapd0
   1 root      20   0  167816    784    784 S   0,0   0,0   0:01.18 systemd
   2 root      20   0       0      0      0 S   0,0   0,0   0:00.00 kthreadd
   3 root       0 -20       0      0      0 I   0,0   0,0   0:00.00 rcu_gp

1865 emil      20   0   19,6g  11,1g   1312 R  87,5  95,5   5:05.18 mem.bash
 102 root      20   0       0      0      0 R  18,8   0,0   0:15.13 kswapd0
1528 emil      20   0  793644  15048  10208 S   6,2   0,1   0:05.52 dolphin
   1 root      20   0  167816    784    784 S   0,0   0,0   0:01.18 systemd
   2 root      20   0       0      0      0 S   0,0   0,0   0:00.00 kthreadd

1865 emil      20   0   19,8g  11,1g   1312 R  50,0  95,5   5:08.19 mem.bash
 102 root      20   0       0      0      0 R  10,0   0,0   0:15.58 kswapd0
   1 root      20   0  167816    784    784 S   0,0   0,0   0:01.18 systemd
   2 root      20   0       0      0      0 S   0,0   0,0   0:00.00 kthreadd
   3 root       0 -20       0      0      0 I   0,0   0,0   0:00.00 rcu_gp

1865 emil      20   0   19,9g  11,1g   1312 R  93,8  95,5   5:10.53 mem.bash
 102 root      20   0       0      0      0 R   6,2   0,0   0:15.95 kswapd0
   1 root      20   0  167816    784    784 S   0,0   0,0   0:01.18 systemd
   2 root      20   0       0      0      0 S   0,0   0,0   0:00.00 kthreadd
   3 root       0 -20       0      0      0 I   0,0   0,0   0:00.00 rcu_gp

1865 emil      20   0   20,1g  11,1g   1312 R 100,0  95,5   5:12.86 mem.bash
 102 root      20   0       0      0      0 D  26,7   0,0   0:16.28 kswapd0
   1 root      20   0  167816    784    784 S   0,0   0,0   0:01.18 systemd
   2 root      20   0       0      0      0 S   0,0   0,0   0:00.00 kthreadd
   3 root       0 -20       0      0      0 I   0,0   0,0   0:00.00 rcu_gp

1865 emil      20   0   20,2g  11,1g   1312 R 100,0  95,6   5:15.19 mem.bash
 102 root      20   0       0      0      0 S  12,5   0,0   0:16.58 kswapd0
   1 root      20   0  167816    784    784 S   0,0   0,0   0:01.18 systemd
   2 root      20   0       0      0      0 S   0,0   0,0   0:00.00 kthreadd
   3 root       0 -20       0      0      0 I   0,0   0,0   0:00.00 rcu_gp

1865 emil      20   0   20,4g  11,1g   1312 R  88,2  95,5   5:17.86 mem.bash
 102 root      20   0       0      0      0 S  17,6   0,0   0:16.98 kswapd0
  11 root      20   0       0      0      0 I   5,9   0,0   0:00.44 rcu_sched
3636 emil      20   0   11856   3324   2868 R   5,9   0,0   0:00.01 top
   1 root      20   0  167816    784    784 S   0,0   0,0   0:01.18 systemd

1865 emil      20   0   20,5g  11,1g   1312 R 100,0  95,4   5:20.49 mem.bash
   1 root      20   0  167816    776    776 S   0,0   0,0   0:01.18 systemd
   2 root      20   0       0      0      0 S   0,0   0,0   0:00.00 kthreadd
   3 root       0 -20       0      0      0 I   0,0   0,0   0:00.00 rcu_gp
   4 root       0 -20       0      0      0 I   0,0   0,0   0:00.00 rcu_par_gp

1865 emil      20   0   20,8g  11,0g   1312 R  78,9  95,3   5:24.62 mem.bash
 102 root      20   0       0      0      0 S  21,1   0,0   0:18.19 kswapd0
   1 root      20   0  167816    724    724 S   0,0   0,0   0:01.18 systemd
   2 root      20   0       0      0      0 S   0,0   0,0   0:00.00 kthreadd
   3 root       0 -20       0      0      0 I   0,0   0,0   0:00.00 rcu_gp

1865 emil      20   0   21,0g  11,0g   1312 R 100,0  95,1   5:27.56 mem.bash
 102 root      20   0       0      0      0 R  40,0   0,0   0:18.71 kswapd0
3657 emil      20   0   11856   3448   2988 R   6,7   0,0   0:00.01 top
   1 root      20   0  167816    704    704 S   0,0   0,0   0:01.18 systemd
   2 root      20   0       0      0      0 S   0,0   0,0   0:00.00 kthreadd

1865 emil      20   0   21,3g  11,0g   1312 R  29,4  95,2   5:32.26 mem.bash
 102 root      20   0       0      0      0 D   7,8   0,0   0:19.43 kswapd0
   1 root      20   0  167816    704    704 S   0,0   0,0   0:01.18 systemd
   2 root      20   0       0      0      0 S   0,0   0,0   0:00.00 kthreadd
   3 root       0 -20       0      0      0 I   0,0   0,0   0:00.00 rcu_gp

 102 root      20   0       0      0      0 S   5,3   0,0   0:21.77 kswapd0
   1 root      20   0  167816    148      0 D   0,1   0,0   0:01.19 systemd
  20 root       0 -20       0      0      0 I   0,1   0,0   0:00.12 kworker/1:0H-kblockd
 329 root      19  -1   65136    520    136 D   0,1   0,0   0:00.59 systemd-journal
 374 root       0 -20       0      0      0 S   0,1   0,0   0:00.03 loop8

   1 root      20   0  167816   4836   3396 S   0,0   0,0   0:01.43 systemd
   2 root      20   0       0      0      0 S   0,0   0,0   0:00.00 kthreadd
   3 root       0 -20       0      0      0 I   0,0   0,0   0:00.00 rcu_gp
   4 root       0 -20       0      0      0 I   0,0   0,0   0:00.00 rcu_par_gp
   6 root       0 -20       0      0      0 I   0,0   0,0   0:00.00 kworker/0:0H-kblockd

1291 emil      20   0 1752972  12028   7660 D   6,7   0,1   0:10.36 plasmashell
   1 root      20   0  167816   4836   3396 S   0,0   0,0   0:01.43 systemd
   2 root      20   0       0      0      0 S   0,0   0,0   0:00.00 kthreadd
   3 root       0 -20       0      0      0 I   0,0   0,0   0:00.00 rcu_gp
   4 root       0 -20       0      0      0 I   0,0   0,0   0:00.00 rcu_par_gp

3719 emil      20   0   11856   3668   3212 R   6,7   0,0   0:00.01 top
   1 root      20   0  167816   4836   3396 S   0,0   0,0   0:01.43 systemd
   2 root      20   0       0      0      0 S   0,0   0,0   0:00.00 kthreadd
   3 root       0 -20       0      0      0 I   0,0   0,0   0:00.00 rcu_gp
   4 root       0 -20       0      0      0 I   0,0   0,0   0:00.00 rcu_par_gp

 672 root      20   0    8296      4      4 S   6,7   0,0   0:00.59 haveged
3726 emil      20   0   11856   3468   3008 R   6,7   0,0   0:00.01 top
   1 root      20   0  167816   4836   3396 S   0,0   0,0   0:01.43 systemd
   2 root      20   0       0      0      0 S   0,0   0,0   0:00.00 kthreadd
   3 root       0 -20       0      0      0 I   0,0   0,0   0:00.00 rcu_gp

 903 root      20   0  867152  25012  13568 S   6,7   0,2   0:14.65 Xorg
1278 emil      20   0 3217380  14620  11236 S   6,7   0,1   0:14.69 kwin_x11
1291 emil      20   0 1753044  37288  22912 D   6,7   0,3   0:10.55 plasmashell
1715 emil      20   0  708192  23136  18732 S   6,7   0,2   0:02.36 konsole
3733 emil      20   0   11856   3576   3120 R   6,7   0,0   0:00.01 top

 903 root      20   0  866544  28416  15252 S   6,2   0,2   0:14.81 Xorg
1278 emil      20   0 3217396  14876  11256 S   6,2   0,1   0:14.82 kwin_x11
1291 emil      20   0 1753172  43440  26940 D   6,2   0,4   0:10.61 plasmashell
   1 root      20   0  167816   4836   3396 S   0,0   0,0   0:01.43 systemd
   2 root      20   0       0      0      0 S   0,0   0,0   0:00.00 kthreadd

   1 root      20   0  167816   4836   3396 S   0,0   0,0   0:01.43 systemd
   2 root      20   0       0      0      0 S   0,0   0,0   0:00.00 kthreadd
   3 root       0 -20       0      0      0 I   0,0   0,0   0:00.00 rcu_gp
   4 root       0 -20       0      0      0 I   0,0   0,0   0:00.00 rcu_par_gp
   6 root       0 -20       0      0      0 I   0,0   0,0   0:00.00 kworker/0:0H-kblockd

1278 emil      20   0 3217460  23856  17696 S  12,5   0,2   0:15.04 kwin_x11
 903 root      20   0  866792  30724  16200 S   6,2   0,3   0:15.12 Xorg
1715 emil      20   0  708360  30212  24544 S   6,2   0,2   0:02.72 konsole
   1 root      20   0  167816   4836   3396 S   0,0   0,0   0:01.43 systemd
   2 root      20   0       0      0      0 S   0,0   0,0   0:00.00 kthreadd

3761 emil      20   0   11856   3592   3136 R   6,7   0,0   0:00.01 top
   1 root      20   0  167816   4836   3396 S   0,0   0,0   0:01.43 systemd
   2 root      20   0       0      0      0 S   0,0   0,0   0:00.00 kthreadd
   3 root       0 -20       0      0      0 I   0,0   0,0   0:00.00 rcu_gp
   4 root       0 -20       0      0      0 I   0,0   0,0   0:00.00 rcu_par_gp

 903 root      20   0  866780  31304  16528 S   6,7   0,3   0:15.57 Xorg
1278 emil      20   0 3217640  33868  26100 S   6,7   0,3   0:15.36 kwin_x11
1291 emil      20   0 1753084  53012  34048 S   6,7   0,4   0:10.70 plasmashell
1659 emil      20   0  900796   1460    928 S   6,7   0,0   0:01.84 okular
3768 emil      20   0   11856   3520   3060 R   6,7   0,0   0:00.01 top

 903 root      20   0  866716  38588  23712 S  12,5   0,3   0:15.90 Xorg
1278 emil      20   0 3217656  35336  27176 S  12,5   0,3   0:15.61 kwin_x11
1291 emil      20   0 1753084  54180  34840 S   6,2   0,4   0:10.73 plasmashell
3775 emil      20   0   11856   3484   3028 R   6,2   0,0   0:00.01 top
   1 root      20   0  167816   4836   3396 S   0,0   0,0   0:01.43 systemd

 903 root      20   0  870796  42260  27340 S  62,5   0,3   0:16.31 Xorg
1528 emil      20   0  793644  32428  25540 R  43,8   0,3   0:06.52 dolphin
1278 emil      20   0 3218136  37524  28932 R  12,5   0,3   0:15.91 kwin_x11
3782 emil      20   0   11856   3620   3164 R   6,2   0,0   0:00.02 top
   1 root      20   0  167816   4836   3396 S   0,0   0,0   0:01.43 systemd

1323 emil      20   0  791484   3452   2492 S   6,2   0,0   0:02.10 ktorrent
1528 emil      20   0  793644  33844  26888 S   6,2   0,3   0:06.71 dolphin
   1 root      20   0  167816   4836   3396 S   0,0   0,0   0:01.43 systemd
   2 root      20   0       0      0      0 S   0,0   0,0   0:00.00 kthreadd
   3 root       0 -20       0      0      0 I   0,0   0,0   0:00.00 rcu_gp

3799 emil      20   0   11856   3660   3200 R  13,3   0,0   0:00.02 top
   1 root      20   0  167816   4836   3396 S   0,0   0,0   0:01.43 systemd
   2 root      20   0       0      0      0 S   0,0   0,0   0:00.00 kthreadd
   3 root       0 -20       0      0      0 I   0,0   0,0   0:00.00 rcu_gp
   4 root       0 -20       0      0      0 I   0,0   0,0   0:00.00 rcu_par_gp

1291 emil      20   0 1753152  57484  35404 S   6,7   0,5   0:10.87 plasmashell
3806 emil      20   0   11856   3596   3136 R   6,7   0,0   0:00.01 top
   1 root      20   0  167816   4836   3396 S   0,0   0,0   0:01.43 systemd
   2 root      20   0       0      0      0 S   0,0   0,0   0:00.00 kthreadd
   3 root       0 -20       0      0      0 I   0,0   0,0   0:00.00 rcu_gp

3813 emil      20   0   11856   3484   3028 R  13,3   0,0   0:00.02 top
   1 root      20   0  167816   4836   3396 S   0,0   0,0   0:01.43 systemd
   2 root      20   0       0      0      0 S   0,0   0,0   0:00.00 kthreadd
   3 root       0 -20       0      0      0 I   0,0   0,0   0:00.00 rcu_gp
   4 root       0 -20       0      0      0 I   0,0   0,0   0:00.00 rcu_par_gp

1715 emil      20   0  708360  31060  25164 S   6,2   0,3   0:03.26 konsole
3820 emil      20   0   11856   3568   3112 R   6,2   0,0   0:00.01 top
   1 root      20   0  167816   4836   3396 S   0,0   0,0   0:01.43 systemd
   2 root      20   0       0      0      0 S   0,0   0,0   0:00.00 kthreadd
   3 root       0 -20       0      0      0 I   0,0   0,0   0:00.00 rcu_gp

3827 emil      20   0   11856   3652   3196 R   6,2   0,0   0:00.01 top
   1 root      20   0  167816   4836   3396 S   0,0   0,0   0:01.43 systemd
   2 root      20   0       0      0      0 S   0,0   0,0   0:00.00 kthreadd
   3 root       0 -20       0      0      0 I   0,0   0,0   0:00.00 rcu_gp
   4 root       0 -20       0      0      0 I   0,0   0,0   0:00.00 rcu_par_gp

3834 emil      20   0   11856   3496   3036 R   6,7   0,0   0:00.01 top
   1 root      20   0  167816   4836   3396 S   0,0   0,0   0:01.43 systemd
   2 root      20   0       0      0      0 S   0,0   0,0   0:00.00 kthreadd
   3 root       0 -20       0      0      0 I   0,0   0,0   0:00.00 rcu_gp
   4 root       0 -20       0      0      0 I   0,0   0,0   0:00.00 rcu_par_gp

3841 emil      20   0   11856   3728   3268 R  13,3   0,0   0:00.02 top
   1 root      20   0  167816   4836   3396 S   0,0   0,0   0:01.43 systemd
   2 root      20   0       0      0      0 S   0,0   0,0   0:00.00 kthreadd
   3 root       0 -20       0      0      0 I   0,0   0,0   0:00.00 rcu_gp
   4 root       0 -20       0      0      0 I   0,0   0,0   0:00.00 rcu_par_gp

3848 emil      20   0   11856   3616   3160 R   6,2   0,0   0:00.01 top
   1 root      20   0  167816   4836   3396 S   0,0   0,0   0:01.43 systemd
   2 root      20   0       0      0      0 S   0,0   0,0   0:00.00 kthreadd
   3 root       0 -20       0      0      0 I   0,0   0,0   0:00.00 rcu_gp
   4 root       0 -20       0      0      0 I   0,0   0,0   0:00.00 rcu_par_gp

3855 emil      20   0   11856   3576   3120 R   6,7   0,0   0:00.01 top
   1 root      20   0  167816   4836   3396 S   0,0   0,0   0:01.43 systemd
   2 root      20   0       0      0      0 S   0,0   0,0   0:00.00 kthreadd
   3 root       0 -20       0      0      0 I   0,0   0,0   0:00.00 rcu_gp
   4 root       0 -20       0      0      0 I   0,0   0,0   0:00.00 rcu_par_gp

3862 emil      20   0   11856   3592   3136 R   6,7   0,0   0:00.01 top
   1 root      20   0  167816   4836   3396 S   0,0   0,0   0:01.43 systemd
   2 root      20   0       0      0      0 S   0,0   0,0   0:00.00 kthreadd
   3 root       0 -20       0      0      0 I   0,0   0,0   0:00.00 rcu_gp
   4 root       0 -20       0      0      0 I   0,0   0,0   0:00.00 rcu_par_gp

1291 emil      20   0 1753152  57484  35404 S   6,7   0,5   0:11.09 plasmashell
1842 emil      20   0   11876   1908   1396 R   6,7   0,0   0:00.65 top
3869 emil      20   0   11856   3576   3116 R   6,7   0,0   0:00.01 top
   1 root      20   0  167816   4836   3396 S   0,0   0,0   0:01.43 systemd
   2 root      20   0       0      0      0 S   0,0   0,0   0:00.00 kthreadd

3876 emil      20   0   11856   3612   3152 R   6,2   0,0   0:00.01 top
   1 root      20   0  167816   4836   3396 S   0,0   0,0   0:01.43 systemd
   2 root      20   0       0      0      0 S   0,0   0,0   0:00.00 kthreadd
   3 root       0 -20       0      0      0 I   0,0   0,0   0:00.00 rcu_gp
   4 root       0 -20       0      0      0 I   0,0   0,0   0:00.00 rcu_par_gp

3883 emil      20   0   11856   3520   3060 R   6,7   0,0   0:00.01 top
   1 root      20   0  167816   4836   3396 S   0,0   0,0   0:01.43 systemd
   2 root      20   0       0      0      0 S   0,0   0,0   0:00.00 kthreadd
   3 root       0 -20       0      0      0 I   0,0   0,0   0:00.00 rcu_gp
   4 root       0 -20       0      0      0 I   0,0   0,0   0:00.00 rcu_par_gp

3890 emil      20   0   11856   3496   3036 R   6,7   0,0   0:00.01 top
   1 root      20   0  167816   4836   3396 S   0,0   0,0   0:01.43 systemd
   2 root      20   0       0      0      0 S   0,0   0,0   0:00.00 kthreadd
   3 root       0 -20       0      0      0 I   0,0   0,0   0:00.00 rcu_gp
   4 root       0 -20       0      0      0 I   0,0   0,0   0:00.00 rcu_par_gp

3897 emil      20   0   11856   3516   3060 R   6,2   0,0   0:00.02 top
   1 root      20   0  167816   4836   3396 S   0,0   0,0   0:01.43 systemd
   2 root      20   0       0      0      0 S   0,0   0,0   0:00.00 kthreadd
   3 root       0 -20       0      0      0 I   0,0   0,0   0:00.00 rcu_gp
   4 root       0 -20       0      0      0 I   0,0   0,0   0:00.00 rcu_par_gp

3904 emil      20   0   11856   3592   3136 R   6,2   0,0   0:00.01 top
   1 root      20   0  167816   4836   3396 S   0,0   0,0   0:01.43 systemd
   2 root      20   0       0      0      0 S   0,0   0,0   0:00.00 kthreadd
   3 root       0 -20       0      0      0 I   0,0   0,0   0:00.00 rcu_gp
   4 root       0 -20       0      0      0 I   0,0   0,0   0:00.00 rcu_par_gp

3911 emil      20   0   11856   3616   3160 R   6,7   0,0   0:00.01 top
   1 root      20   0  167816   4836   3396 S   0,0   0,0   0:01.43 systemd
   2 root      20   0       0      0      0 S   0,0   0,0   0:00.00 kthreadd
   3 root       0 -20       0      0      0 I   0,0   0,0   0:00.00 rcu_gp
   4 root       0 -20       0      0      0 I   0,0   0,0   0:00.00 rcu_par_gp

   1 root      20   0  167816   4836   3396 S   0,0   0,0   0:01.43 systemd
   2 root      20   0       0      0      0 S   0,0   0,0   0:00.00 kthreadd
   3 root       0 -20       0      0      0 I   0,0   0,0   0:00.00 rcu_gp
   4 root       0 -20       0      0      0 I   0,0   0,0   0:00.00 rcu_par_gp
   6 root       0 -20       0      0      0 I   0,0   0,0   0:00.00 kworker/0:0H-kblockd

3925 emil      20   0   11856   3656   3200 R   6,7   0,0   0:00.01 top
   1 root      20   0  167816   4836   3396 S   0,0   0,0   0:01.43 systemd
   2 root      20   0       0      0      0 S   0,0   0,0   0:00.00 kthreadd
   3 root       0 -20       0      0      0 I   0,0   0,0   0:00.00 rcu_gp
   4 root       0 -20       0      0      0 I   0,0   0,0   0:00.00 rcu_par_gp

3932 emil      20   0   11856   3728   3268 R   6,7   0,0   0:00.01 top
   1 root      20   0  167816   4836   3396 S   0,0   0,0   0:01.43 systemd
   2 root      20   0       0      0      0 S   0,0   0,0   0:00.00 kthreadd
   3 root       0 -20       0      0      0 I   0,0   0,0   0:00.00 rcu_gp
   4 root       0 -20       0      0      0 I   0,0   0,0   0:00.00 rcu_par_gp

3939 emil      20   0   11856   3596   3136 R   6,7   0,0   0:00.01 top
   1 root      20   0  167816   4836   3396 S   0,0   0,0   0:01.43 systemd
   2 root      20   0       0      0      0 S   0,0   0,0   0:00.00 kthreadd
   3 root       0 -20       0      0      0 I   0,0   0,0   0:00.00 rcu_gp
   4 root       0 -20       0      0      0 I   0,0   0,0   0:00.00 rcu_par_gp

3946 emil      20   0   11856   3596   3136 R  12,5   0,0   0:00.02 top
   1 root      20   0  167816   4836   3396 S   0,0   0,0   0:01.43 systemd
   2 root      20   0       0      0      0 S   0,0   0,0   0:00.00 kthreadd
   3 root       0 -20       0      0      0 I   0,0   0,0   0:00.00 rcu_gp
   4 root       0 -20       0      0      0 I   0,0   0,0   0:00.00 rcu_par_gp

1291 emil      20   0 1753012  57580  35436 S   6,7   0,5   0:11.40 plasmashell
3953 emil      20   0   11856   3656   3196 R   6,7   0,0   0:00.01 top
   1 root      20   0  167816   4836   3396 S   0,0   0,0   0:01.43 systemd
   2 root      20   0       0      0      0 S   0,0   0,0   0:00.00 kthreadd
   3 root       0 -20       0      0      0 I   0,0   0,0   0:00.00 rcu_gp

3960 emil      20   0   11856   3580   3120 R   6,7   0,0   0:00.01 top
   1 root      20   0  167816   4836   3396 S   0,0   0,0   0:01.43 systemd
   2 root      20   0       0      0      0 S   0,0   0,0   0:00.00 kthreadd
   3 root       0 -20       0      0      0 I   0,0   0,0   0:00.00 rcu_gp
   4 root       0 -20       0      0      0 I   0,0   0,0   0:00.00 rcu_par_gp

3967 emil      20   0   11856   3552   3096 R   6,7   0,0   0:00.01 top
   1 root      20   0  167816   4836   3396 S   0,0   0,0   0:01.43 systemd
   2 root      20   0       0      0      0 S   0,0   0,0   0:00.00 kthreadd
   3 root       0 -20       0      0      0 I   0,0   0,0   0:00.00 rcu_gp
   4 root       0 -20       0      0      0 I   0,0   0,0   0:00.00 rcu_par_gp

3974 emil      20   0   11856   3620   3160 R  12,5   0,0   0:00.02 top
 903 root      20   0  872040  42540  27596 S   6,2   0,3   0:16.97 Xorg
1291 emil      20   0 1753256  59700  36256 D   6,2   0,5   0:11.53 plasmashell
1321 emil      20   0  362328   1756    948 S   6,2   0,0   0:00.81 DiscoverNotifie
1528 emil      20   0  793644  35764  28504 S   6,2   0,3   0:07.19 dolphin

 903 root      20   0  867972  39588  24236 S  12,5   0,3   0:17.17 Xorg
1278 emil      20   0 3220580  39784  30944 S   6,2   0,3   0:16.63 kwin_x11
1291 emil      20   0 1753320  66228  37616 D   6,2   0,5   0:11.61 plasmashell
   1 root      20   0  167816   4836   3396 S   0,0   0,0   0:01.43 systemd
   2 root      20   0       0      0      0 S   0,0   0,0   0:00.00 kthreadd

 903 root      20   0  869304  42112  26692 S  12,5   0,3   0:17.42 Xorg
1278 emil      20   0 3221632  40116  31200 D   6,2   0,3   0:16.84 kwin_x11
1291 emil      20   0 1753380  72312  41008 D   6,2   0,6   0:11.68 plasmashell
1528 emil      20   0  793644  35764  28504 S   6,2   0,3   0:07.38 dolphin
3988 emil      20   0   11856   3584   3124 R   6,2   0,0   0:00.01 top

1528 emil      20   0  793644  35764  28504 S  13,3   0,3   0:07.47 dolphin
 903 root      20   0  866668  39692  24260 S   6,7   0,3   0:17.59 Xorg
1278 emil      20   0 3217784  40984  31892 S   6,7   0,3   0:17.01 kwin_x11
3990 emil      20   0  181800   6784   5988 D   6,7   0,1   0:00.02 ksysguard
3997 emil      20   0   11856   3592   3136 R   6,7   0,0   0:00.01 top

4004 emil      20   0   11856   3496   3036 R   6,7   0,0   0:00.01 top
   1 root      20   0  167816   4836   3396 S   0,0   0,0   0:01.43 systemd
   2 root      20   0       0      0      0 S   0,0   0,0   0:00.00 kthreadd
   3 root       0 -20       0      0      0 I   0,0   0,0   0:00.00 rcu_gp
   4 root       0 -20       0      0      0 I   0,0   0,0   0:00.00 rcu_par_gp

4011 emil      20   0   11856   3644   3188 R   6,7   0,0   0:00.01 top
   1 root      20   0  167816   4836   3396 S   0,0   0,0   0:01.43 systemd
   2 root      20   0       0      0      0 S   0,0   0,0   0:00.00 kthreadd
   3 root       0 -20       0      0      0 I   0,0   0,0   0:00.00 rcu_gp
   4 root       0 -20       0      0      0 I   0,0   0,0   0:00.00 rcu_par_gp

3990 emil      20   0  426036  64296  53444 D   6,7   0,5   0:00.21 ksysguard
   1 root      20   0  167816   4836   3396 S   0,0   0,0   0:01.43 systemd
   2 root      20   0       0      0      0 S   0,0   0,0   0:00.00 kthreadd
   3 root       0 -20       0      0      0 I   0,0   0,0   0:00.00 rcu_gp
   4 root       0 -20       0      0      0 I   0,0   0,0   0:00.00 rcu_par_gp
